1748193468849593654
1748193468848545078
1766630094493719862
1766630094495817014
1766630094496865590
1766630094498962742
1766684334618582326
1766630094494768438
1748205377727503670
1766630352647888182
1766630352648936758
1748205371509447990
1766630502644587830
1766630502646684982
1766630502645636406
1748205364832116022
1766630626071420214
1766630626073517366
1766684358949739830
1766630626072468790
1748205351209016630
1748205351207968054
1766632194100436278
1766632194103582006
1766632194104630582
1766632194102533430
1766632194101484854
1748205344227597622
1748205344226549046
1766632381903543606
1766632381905640758
1766700940094610742
1748205333570919734
1748205333569871158
1766700940093562166
1766700940096707894
1766700940105096502
1766700940095659318
1766700940099853622
1766700940102999350
1766700940097756470
1766700940104047926
1766700940098805046
1766700940101950774
1766700940100902198
1766700830621179190
1748205461187861814
1748205461186813238
1766700830620130614
1768786485116411190
1768786485117459766
1766700830628519222
1766700830623276342
1766700830626422070
1768786485115362614
1768786485114314038
1766700830621179190
1748205454286134582
1748205454285086006
1766701589244943670
1768786695614897462
1766701589248089398
1768786695613848886
1766701589253332278
1768786695610703158
1768786695612800310
1768786695611751734
1766701589245992246
1748205448598658358
1766701697236737334
1766701697238834486
1766701697240931638
1766701697239883062
1766701620736826678
1748205442851413302
1766701620735778102
1766701620737875254
1766701620736826678
1748205436693126454
1766701662381022518
1766701662384168246
1766701662385216822
1766701662383119670
1766701662382071094
1748205428624334134
1748205428623285558
1766637071862078774
1766637071869418806
1766637071868370230
1766637071866273078
1766637071864175926
1766684388500708662
1766637071867321654
1766637071863127350
1748205422769085750
1748205422768037174
1766638257321286966
1766684105036012854
1766638257323384118
1766638257327578422
1766638257334918454
1766638257324432694
1766638257328626998
1766638257331772726
1766638257333869878
1766638257330724150
1766638257326529846
1766684105037061430
1766683558637739318
1766638257322335542
1748205535757344054
1748205535756295478
1766639559601298742
1766639559610735926
1766639559603395894
1766639559612833078
1766639559609687350
1766639559606541622
1766639559605493046
1766639559608638774
1766639559611784502
1766639559604444470
1766639559607590198
1766639559602347318
1748205531612323126
1748205531611274550
1766639849842941238
1766639849846086966
1766639849848184118
1766639849845038390
1766639849850281270
1766639849849232694
1766639849847135542
1766639849843989814
1748205527259684150
1766640775545756982
1766640775547854134
1766640775550999862
1766640775553097014
1766640775552048438
1766640775549951286
1766684442194091318
1766640775546805558
1748205522704670006
1766641061584706870
1766641061586804022
1766683673539648822
1766641061593095478
1766641061590998326
1766641061589949750
1766683673538600246
1766641061587852598
1766641061585755446
1748205519868271926
1766641254575119670
1766641254577216822
1766641254581411126
1766641254579313974
1766641254580362550
1766641254578265398
1766641254576168246
1748205515758902582
1766641401686138166
1766641401688235318
1766641401689283894
1766641401687186742
1748205512494685494
1766642017786404150
1766692256456121654
1766642017794792758
1766642017788501302
1766642017789549878
1766642017796889910
1766642017790598454
1766642017791647030
1766642017795841334
1766642017797938486
1766642017792695606
1766642017787452726
1748205505111661878
1766642439391550774
1766642439393647926
1766642439396793654
1766642439398890806
1766642439395745078
1766684492409347382
1766642439397842230
1766642439392599350
1748205498687036726
1766642916753677622
1766642916755774774
1766642916767309110
1766642916757871926
1766642916766260534
1766642916758920502
1766642916759969078
1766642916761017654
1766642916756823350
1766642916765211958
1766642916768357686
1766642916764163382
1766642916769406262
1766642916762066230
1766684521625820470
1766642916754726198
1748205492169088310
1766643285419367734
1766643285421464886
1766694463798779190
1766643285420416310
1748205486659870006
1766642963758193974
1766642963768679734
1766642963760291126
1766642963766582582
1766683765812239670
1766642963763436854
1766642963769728310
1766642963761339702
1766642963767631158
1766671249559264566
1766642963765534006
1766642963764485430
1766642963759242550
1748205604742110518
1766642279581228342
1766684135084006710
1766642279583325494
1766642279585422646
1766642279587519798
1766642279584374070
1766642279582276918
1748205598518811958
1766641903628983606
1766641903632129334
1766641903631080758
1766641903630032182
1748205591555218742
1766641785203858742
1766641785205955894
1766641785204907318
1748205585424194870
1766641536606412086
1766641536613752118
1766641536608509238
1766641536609557814
1766641536611654966
1766641536614800694
1766641536610606390
1766641536612703542
1766641536607460662
1748205581416537398
1748205581415488822
1766640957531364662
1766640957534510390
1766640957533461814
1766640957535558966
1766640957532413238
1748205574846160182
1766639291028479286
1766639291030576438
1766639291031625014
1766639291032673590
1766639291029527862
1748205567742057782
1748205567741009206
1766638921539657014
1766638921542802742
1766638921541754166
1766638921540705590
1748205560341208374
1766638703451577654
1766638703457869110
1766638703454723382
1766638703453674806
1766638703456820534
1766683823633866038
1766638703452626230
1748205685050449206
1748205685049400630
1766638174349565238
1766638174351662390
1766638174350613814
1748205677892869430
1766638029551705398
1766638029552753974
1748205671651745078
1766637890556665142
1766637890560859446
1766637890558762294
1766637890559810870
1766637890557713718
1748205665905548598
1766637642908179766
1766695137333746998
1766692715669495094
1766637642910276918
1766637642913422646
1766637642912374070
1766637642909228342
1748205659639258422
1748205659638209846
1766637102358863158
1766637102360960310
1766637102362008886
1766637102363057462
1766637102359911734
1748205653593169206
1748205653592120630
1766636785708834102
1766695186300149046
1766636785710931254
1766636785709882678
1748205647265013046
1766636622646877494
1766636622647926070
1748205626934172982
1766636432728792374
1766636432729840950
1748205737335594294
1766705223830609206
1748205728456252726
1748205728455204150
1766635743322578230
1766635743324675382
1766635743323626806
1748205722184719670
1766685010368142646
1766685010369191222
1748205718460177718
1748205718459129142
1766643486569798966
1766634971238243638
1766643486570847542
1748205711439961398
1766634109013073206
1766634109014121782
1748205707438595382
1748205707437546806
1766633984547102006
1766633984548150582
1748205764814576950
1748205764813528374
1766633750286834998
1766633750287883574